 freq  T = 40.000    51.662      66.724      86.177      111.302     143.753     185.664     239.794     309.704     400.000
 para-H2 fraction (a value of -1.00 signifies equilibrium para- vs ortho-H2 at each temperature)
     0.250000
 2500.0 1.60119e-10 1.87870e-10 2.34558e-10 3.15770e-10 4.99904e-10 9.31824e-10 1.93259e-09 4.05243e-09 8.24197e-09 1.65713e-08
 2600.0 9.88809e-11 1.16430e-10 1.46085e-10 1.97640e-10 3.21982e-10 6.35501e-10 1.42044e-09 3.16597e-09 6.63970e-09 1.33400e-08
 2700.0 6.24318e-11 7.37124e-11 9.28225e-11 1.26097e-10 2.06149e-10 4.14552e-10 9.67325e-10 2.27549e-09 5.00076e-09 1.03284e-08
 2800.0 4.01860e-11 4.75551e-11 6.00314e-11 8.18251e-11 1.33059e-10 2.67178e-10 6.37666e-10 1.56923e-09 3.63081e-09 7.81451e-09
 2900.0 2.63252e-11 3.11938e-11 3.94456e-11 5.39065e-11 8.70463e-11 1.73090e-10 4.18633e-10 1.07131e-09 2.60679e-09 5.86868e-09
 3000.0 1.74902e-11 2.07489e-11 2.62811e-11 3.59898e-11 5.77188e-11 1.13328e-10 2.75246e-10 7.25970e-10 1.85027e-09 4.36984e-09
 3100.0 1.17579e-11 1.39741e-11 1.77300e-11 2.43036e-11 3.87469e-11 7.51213e-11 1.81453e-10 4.88504e-10 1.30020e-09 3.23896e-09
 3200.0 8.00124e-12 9.51617e-12 1.20860e-11 1.65789e-11 2.63006e-11 5.03839e-11 1.20447e-10 3.29720e-10 9.17295e-10 2.42436e-09
 3300.0 5.49590e-12 6.53702e-12 8.30007e-12 1.14058e-11 1.80245e-11 3.41695e-11 8.06601e-11 2.24474e-10 6.53346e-10 1.83200e-09
 3400.0 3.81713e-12 4.54178e-12 5.76020e-12 7.91088e-12 1.24564e-11 2.33999e-11 5.45467e-11 1.53367e-10 4.63112e-10 1.36987e-09
 3500.0 2.66876e-12 3.17607e-12 4.03173e-12 5.52732e-12 8.67023e-12 1.61602e-11 3.72430e-11 1.04886e-10 3.24598e-10 1.00380e-09
 3600.0 1.88340e-12 2.24088e-12 2.83544e-12 3.88738e-12 6.07667e-12 1.12494e-11 2.56449e-11 7.20654e-11 2.26154e-10 7.24337e-10
 3700.0 1.35374e-12 1.60786e-12 2.02055e-12 2.75696e-12 4.29077e-12 7.88735e-12 1.78061e-11 4.98173e-11 1.57434e-10 5.18442e-10
 3800.0 9.75573e-13 1.15658e-12 1.45095e-12 1.96861e-12 3.04508e-12 5.56350e-12 1.24585e-11 3.47253e-11 1.09889e-10 3.69846e-10
 3900.0 7.16909e-13 8.48456e-13 1.05345e-12 1.41934e-12 2.17867e-12 3.95094e-12 8.77479e-12 2.43936e-11 7.70584e-11 2.63883e-10
 4000.0 5.41511e-13 6.36457e-13 7.79283e-13 1.03568e-12 1.57350e-12 2.82500e-12 6.22346e-12 1.72982e-11 5.43545e-11 1.88856e-10
     0.300000
 2500.0 1.53177e-10 1.79759e-10 2.24911e-10 3.05047e-10 4.90661e-10 9.30859e-10 1.94533e-09 4.07167e-09 8.24323e-09 1.65147e-08
 2600.0 9.48163e-11 1.11661e-10 1.40353e-10 1.91112e-10 3.15430e-10 6.30847e-10 1.41524e-09 3.14532e-09 6.57636e-09 1.32040e-08
 2700.0 5.99974e-11 7.08449e-11 8.93468e-11 1.22053e-10 2.01818e-10 4.10445e-10 9.59820e-10 2.25038e-09 4.93489e-09 1.02032e-08
 2800.0 3.86985e-11 4.57964e-11 5.78822e-11 7.92784e-11 1.30243e-10 2.64264e-10 6.32223e-10 1.55212e-09 3.58858e-09 7.74011e-09
 2900.0 2.53974e-11 3.00941e-11 3.80936e-11 5.22784e-11 8.52047e-11 1.71129e-10 4.15677e-10 1.06371e-09 2.59145e-09 5.84877e-09
 3000.0 1.68993e-11 2.00482e-11 2.54176e-11 3.49339e-11 5.65021e-11 1.12023e-10 2.73782e-10 7.23823e-10 1.85034e-09 4.38160e-09
 3100.0 1.13768e-11 1.35210e-11 1.71688e-11 2.36095e-11 3.79345e-11 7.42479e-11 1.80652e-10 4.88200e-10 1.30456e-09 3.25791e-09
 3200.0 7.75191e-12 9.21865e-12 1.17148e-11 1.61165e-11 2.57526e-11 4.97945e-11 1.19958e-10 3.29748e-10 9.20815e-10 2.43740e-09
 3300.0 5.33036e-12 6.33937e-12 8.05304e-12 1.10947e-11 1.76509e-11 3.37672e-11 8.03421e-11 2.24411e-10 6.54822e-10 1.83647e-09
 3400.0 3.70558e-12 4.40872e-12 5.59454e-12 7.69974e-12 1.21995e-11 2.31225e-11 5.43309e-11 1.53239e-10 4.63326e-10 1.36898e-09
 3500.0 2.59313e-12 3.08530e-12 3.91762e-12 5.38227e-12 8.49242e-12 1.59679e-11 3.70924e-11 1.04765e-10 3.24369e-10 1.00101e-09
 3600.0 1.83245e-12 2.17946e-12 2.75759e-12 3.78735e-12 5.95308e-12 1.11150e-11 2.55400e-11 7.19729e-11 2.25852e-10 7.21399e-10
 3700.0 1.31816e-12 1.56506e-12 1.96722e-12 2.68758e-12 4.20392e-12 7.79247e-12 1.77317e-11 4.97511e-11 1.57174e-10 5.15969e-10
 3800.0 9.50891e-13 1.12658e-12 1.41312e-12 1.91995e-12 2.98402e-12 5.49655e-12 1.24050e-11 3.46789e-11 1.09695e-10 3.67958e-10
 3900.0 6.99890e-13 8.27741e-13 1.02702e-12 1.38512e-12 2.13565e-12 3.90350e-12 8.73696e-12 2.43618e-11 7.69221e-11 2.62513e-10
 4000.0 5.29548e-13 6.21941e-13 7.61114e-13 1.01169e-12 1.54284e-12 2.79103e-12 6.19616e-12 1.72762e-11 5.42618e-11 1.87891e-10
     0.350000
 2500.0 1.46249e-10 1.71664e-10 2.15280e-10 2.94337e-10 4.81430e-10 9.29896e-10 1.95805e-09 4.09090e-09 8.24457e-09 1.64590e-08
 2600.0 9.07595e-11 1.06900e-10 1.34631e-10 1.84592e-10 3.08886e-10 6.26196e-10 1.41003e-09 3.12468e-09 6.51313e-09 1.30689e-08
 2700.0 5.75678e-11 6.79828e-11 8.58774e-11 1.18014e-10 1.97492e-10 4.06340e-10 9.52317e-10 2.22528e-09 4.86904e-09 1.00780e-08
 2800.0 3.72140e-11 4.40411e-11 5.57368e-11 7.67346e-11 1.27428e-10 2.61351e-10 6.26781e-10 1.53502e-09 3.54634e-09 7.66559e-09
 2900.0 2.44715e-11 2.89965e-11 3.67439e-11 5.06521e-11 8.33646e-11 1.69169e-10 4.12721e-10 1.05611e-09 2.57611e-09 5.82884e-09
 3000.0 1.63096e-11 1.93489e-11 2.45557e-11 3.38791e-11 5.52863e-11 1.10718e-10 2.72319e-10 7.21676e-10 1.85040e-09 4.39337e-09
 3100.0 1.09965e-11 1.30686e-11 1.66086e-11 2.29161e-11 3.71228e-11 7.33749e-11 1.79850e-10 4.87896e-10 1.30893e-09 3.27686e-09
 3200.0 7.50316e-12 8.92170e-12 1.13441e-11 1.56545e-11 2.52050e-11 4.92053e-11 1.19469e-10 3.29777e-10 9.24335e-10 2.45045e-09
 3300.0 5.16523e-12 6.14210e-12 7.80643e-12 1.07838e-11 1.72776e-11 3.33651e-11 8.00242e-11 2.24348e-10 6.56299e-10 1.84094e-09
 3400.0 3.59430e-12 4.27591e-12 5.42920e-12 7.48880e-12 1.19428e-11 2.28452e-11 5.41152e-11 1.53111e-10 4.63539e-10 1.36809e-09
 3500.0 2.51771e-12 2.99469e-12 3.80368e-12 5.23735e-12 8.31471e-12 1.57757e-11 3.69419e-11 1.04646e-10 3.24141e-10 9.98224e-10
 3600.0 1.78168e-12 2.11816e-12 2.67985e-12 3.68739e-12 5.82957e-12 1.09806e-11 2.54351e-11 7.18803e-11 2.25550e-10 7.18461e-10
 3700.0 1.28268e-12 1.52233e-12 1.91397e-12 2.61826e-12 4.11710e-12 7.69763e-12 1.76572e-11 4.96850e-11 1.56914e-10 5.13496e-10
 3800.0 9.26305e-13 1.09661e-12 1.37534e-12 1.87131e-12 2.92298e-12 5.42963e-12 1.23516e-11 3.46327e-11 1.09501e-10 3.66071e-10
 3900.0 6.82960e-13 8.07050e-13 1.00061e-12 1.35090e-12 2.09265e-12 3.85607e-12 8.69915e-12 2.43301e-11 7.67858e-11 2.61144e-10
 4000.0 5.17635e-13 6.07429e-13 7.42966e-13 9.87720e-13 1.51218e-12 2.75707e-12 6.16886e-12 1.72542e-11 5.41691e-11 1.86927e-10
     0.410000
 2500.0 1.37952e-10 1.61969e-10 2.03745e-10 2.81505e-10 4.70366e-10 9.28744e-10 1.97332e-09 4.11398e-09 8.24626e-09 1.63933e-08
 2600.0 8.59018e-11 1.01199e-10 1.27778e-10 1.76779e-10 3.01040e-10 6.20619e-10 1.40379e-09 3.09992e-09 6.43740e-09 1.29080e-08
 2700.0 5.46586e-11 6.45554e-11 8.17225e-11 1.13174e-10 1.92305e-10 4.01417e-10 9.43314e-10 2.19517e-09 4.79002e-09 9.92778e-09
 2800.0 3.54367e-11 4.19391e-11 5.31673e-11 7.36861e-11 1.24055e-10 2.57857e-10 6.20252e-10 1.51449e-09 3.49564e-09 7.57603e-09
 2900.0 2.33631e-11 2.76823e-11 3.51275e-11 4.87029e-11 8.11584e-11 1.66819e-10 4.09175e-10 1.04700e-09 2.55770e-09 5.80490e-09
 3000.0 1.56036e-11 1.85115e-11 2.35235e-11 3.26149e-11 5.38285e-11 1.09154e-10 2.70564e-10 7.19099e-10 1.85047e-09 4.40749e-09
 3100.0 1.05413e-11 1.25270e-11 1.59378e-11 2.20850e-11 3.61494e-11 7.23279e-11 1.78889e-10 4.87532e-10 1.31417e-09 3.29960e-09
 3200.0 7.20545e-12 8.56613e-12 1.09002e-11 1.51007e-11 2.45483e-11 4.84986e-11 1.18882e-10 3.29811e-10 9.28558e-10 2.46610e-09
 3300.0 4.96765e-12 5.90588e-12 7.51105e-12 1.04112e-11 1.68299e-11 3.28827e-11 7.96427e-11 2.24272e-10 6.58070e-10 1.84630e-09
 3400.0 3.46111e-12 4.11686e-12 5.23121e-12 7.23594e-12 1.16350e-11 2.25126e-11 5.38563e-11 1.52957e-10 4.63795e-10 1.36703e-09
 3500.0 2.42748e-12 2.88618e-12 3.66721e-12 5.06361e-12 8.10158e-12 1.55452e-11 3.67613e-11 1.04502e-10 3.23866e-10 9.94882e-10
 3600.0 1.72098e-12 2.04474e-12 2.58671e-12 3.56752e-12 5.68144e-12 1.08194e-11 2.53092e-11 7.17693e-11 2.25188e-10 7.14936e-10
 3700.0 1.24024e-12 1.47112e-12 1.85021e-12 2.53515e-12 4.01296e-12 7.58385e-12 1.75679e-11 4.96057e-11 1.56603e-10 5.10529e-10
 3800.0 8.96930e-13 1.06070e-12 1.33006e-12 1.81298e-12 2.84977e-12 5.34934e-12 1.22875e-11 3.45772e-11 1.09268e-10 3.63807e-10
 3900.0 6.62761e-13 7.82254e-13 9.68938e-13 1.30986e-12 2.04106e-12 3.79916e-12 8.65377e-12 2.42921e-11 7.66223e-11 2.59501e-10
 4000.0 5.03403e-13 5.90018e-13 7.21217e-13 9.58964e-13 1.47539e-12 2.71632e-12 6.13610e-12 1.72279e-11 5.40580e-11 1.85769e-10
     0.470000
 2500.0 1.29674e-10 1.52295e-10 1.92234e-10 2.68693e-10 4.59317e-10 9.27595e-10 1.98858e-09 4.13706e-09 8.24806e-09 1.63288e-08
 2600.0 8.10554e-11 9.55101e-11 1.20941e-10 1.68978e-10 2.93205e-10 6.15045e-10 1.39754e-09 3.07516e-09 6.36183e-09 1.27485e-08
 2700.0 5.17563e-11 6.11359e-11 7.75767e-11 1.08341e-10 1.87124e-10 3.96496e-10 9.34313e-10 2.16505e-09 4.71102e-09 9.77759e-09
 2800.0 3.36639e-11 3.98419e-11 5.06033e-11 7.06418e-11 1.20685e-10 2.54366e-10 6.13724e-10 1.49397e-09 3.44494e-09 7.48631e-09
 2900.0 2.22575e-11 2.63712e-11 3.35144e-11 4.67563e-11 7.89543e-11 1.64470e-10 4.05630e-10 1.03788e-09 2.53929e-09 5.78093e-09
 3000.0 1.48995e-11 1.76761e-11 2.24936e-11 3.13524e-11 5.23720e-11 1.07590e-10 2.68809e-10 7.16523e-10 1.85054e-09 4.42162e-09
 3100.0 1.00873e-11 1.19867e-11 1.52686e-11 2.12549e-11 3.51768e-11 7.12813e-11 1.77928e-10 4.87168e-10 1.31941e-09 3.32234e-09
 3200.0 6.90858e-12 8.21139e-12 1.04571e-11 1.45476e-11 2.38921e-11 4.77922e-11 1.18296e-10 3.29846e-10 9.32782e-10 2.48176e-09
 3300.0 4.77067e-12 5.67022e-12 7.21627e-12 1.00390e-11 1.63826e-11 3.24006e-11 7.92614e-11 2.24196e-10 6.59842e-10 1.85166e-09
 3400.0 3.32830e-12 3.95817e-12 5.03368e-12 6.98337e-12 1.13274e-11 2.21801e-11 5.35976e-11 1.52804e-10 4.64050e-10 1.36596e-09
 3500.0 2.33755e-12 2.77790e-12 3.53099e-12 4.89004e-12 7.88859e-12 1.53148e-11 3.65807e-11 1.04358e-10 3.23592e-10 9.91540e-10
 3600.0 1.66053e-12 1.97148e-12 2.49371e-12 3.44776e-12 5.53342e-12 1.06584e-11 2.51834e-11 7.16584e-11 2.24825e-10 7.11412e-10
 3700.0 1.19794e-12 1.42001e-12 1.78657e-12 2.45212e-12 3.90887e-12 7.47011e-12 1.74785e-11 4.95264e-11 1.56291e-10 5.07562e-10
 3800.0 8.67694e-13 1.02484e-12 1.28484e-12 1.75468e-12 2.77659e-12 5.26908e-12 1.22234e-11 3.45217e-11 1.09036e-10 3.61542e-10
 3900.0 6.42690e-13 7.57492e-13 9.37292e-13 1.26883e-12 1.98949e-12 3.74226e-12 8.60840e-12 2.42541e-11 7.64588e-11 2.57858e-10
 4000.0 4.89243e-13 5.72612e-13 6.99498e-13 9.30221e-13 1.43860e-12 2.67558e-12 6.10334e-12 1.72016e-11 5.39468e-11 1.84612e-10
     0.540000
 2500.0 1.20040e-10 1.41036e-10 1.78836e-10 2.53771e-10 4.46446e-10 9.26259e-10 2.00637e-09 4.16397e-09 8.25028e-09 1.62550e-08
 2600.0 7.54157e-11 8.88896e-11 1.12982e-10 1.59893e-10 2.84075e-10 6.08547e-10 1.39026e-09 3.04630e-09 6.27387e-09 1.25640e-08
 2700.0 4.83792e-11 5.71562e-11 7.27514e-11 1.02712e-10 1.81087e-10 3.90759e-10 9.23814e-10 2.12993e-09 4.61887e-09 9.60240e-09
 2800.0 3.16011e-11 3.74013e-11 4.76189e-11 6.70957e-11 1.16757e-10 2.50294e-10 6.06111e-10 1.47003e-09 3.38578e-09 7.38144e-09
 2900.0 2.09714e-11 2.48454e-11 3.16368e-11 4.44885e-11 7.63857e-11 1.61730e-10 4.01495e-10 1.02725e-09 2.51781e-09 5.75293e-09
 3000.0 1.40802e-11 1.67039e-11 2.12950e-11 2.98817e-11 5.06743e-11 1.05767e-10 2.66762e-10 7.13519e-10 1.85063e-09 4.43812e-09
 3100.0 9.55914e-12 1.13578e-11 1.44896e-11 2.02878e-11 3.40433e-11 7.00611e-11 1.76807e-10 4.86744e-10 1.32552e-09 3.34888e-09
 3200.0 6.56331e-12 7.79858e-12 9.94135e-12 1.39031e-11 2.31273e-11 4.69686e-11 1.17612e-10 3.29886e-10 9.37710e-10 2.50003e-09
 3300.0 4.54164e-12 5.39597e-12 6.87314e-12 9.60531e-12 1.58611e-11 3.18384e-11 7.88167e-11 2.24108e-10 6.61909e-10 1.85792e-09
 3400.0 3.17384e-12 3.77348e-12 4.80381e-12 6.68908e-12 1.09688e-11 2.17924e-11 5.32958e-11 1.52625e-10 4.64349e-10 1.36472e-09
 3500.0 2.23303e-12 2.65186e-12 3.37240e-12 4.68777e-12 7.64027e-12 1.50461e-11 3.63701e-11 1.04190e-10 3.23271e-10 9.87641e-10
 3600.0 1.59032e-12 1.88621e-12 2.38542e-12 3.30815e-12 5.36085e-12 1.04705e-11 2.50366e-11 7.15290e-11 2.24403e-10 7.07300e-10
 3700.0 1.14878e-12 1.36049e-12 1.71251e-12 2.35534e-12 3.78749e-12 7.33747e-12 1.73744e-11 4.94340e-11 1.55928e-10 5.04101e-10
 3800.0 8.33762e-13 9.83079e-13 1.23217e-12 1.68672e-12 2.69126e-12 5.17549e-12 1.21487e-11 3.44571e-11 1.08764e-10 3.58901e-10
 3900.0 6.19436e-13 7.28647e-13 9.00404e-13 1.22098e-12 1.92936e-12 3.67590e-12 8.55548e-12 2.42099e-11 7.62680e-11 2.55942e-10
 4000.0 4.72811e-13 5.52309e-13 6.74197e-13 8.96705e-13 1.39568e-12 2.62806e-12 6.06513e-12 1.71710e-11 5.38172e-11 1.83262e-10
     0.620000
 2500.0 1.09062e-10 1.28204e-10 1.63564e-10 2.36752e-10 4.31761e-10 9.24738e-10 2.02670e-09 4.19472e-09 8.25299e-09 1.61727e-08
 2600.0 6.89891e-11 8.13447e-11 1.03911e-10 1.49529e-10 2.73657e-10 6.01128e-10 1.38194e-09 3.01333e-09 6.17362e-09 1.23555e-08
 2700.0 4.45311e-11 5.26210e-11 6.72521e-11 9.62910e-11 1.74197e-10 3.84208e-10 9.11819e-10 2.08979e-09 4.51358e-09 9.40223e-09
 2800.0 2.92511e-11 3.46202e-11 4.42173e-11 6.30501e-11 1.12274e-10 2.45645e-10 5.97412e-10 1.44268e-09 3.31815e-09 7.26133e-09
 2900.0 1.95063e-11 2.31068e-11 2.94967e-11 4.19011e-11 7.34536e-11 1.58602e-10 3.96771e-10 1.01510e-09 2.49327e-09 5.72089e-09
 3000.0 1.31470e-11 1.55960e-11 1.99290e-11 2.82036e-11 4.87363e-11 1.03685e-10 2.64424e-10 7.10085e-10 1.85073e-09 4.45697e-09
 3100.0 8.95752e-12 1.06413e-11 1.36020e-11 1.91843e-11 3.27491e-11 6.86674e-11 1.75526e-10 4.86259e-10 1.33250e-09 3.37922e-09
 3200.0 6.17012e-12 7.32818e-12 9.35338e-12 1.31676e-11 2.22540e-11 4.60279e-11 1.16830e-10 3.29932e-10 9.43341e-10 2.52091e-09
 3300.0 4.28091e-12 5.08347e-12 6.48200e-12 9.11032e-12 1.52658e-11 3.11963e-11 7.83087e-11 2.24007e-10 6.64271e-10 1.86508e-09
 3400.0 2.99795e-12 3.56300e-12 4.54187e-12 6.35323e-12 1.05593e-11 2.13495e-11 5.29510e-11 1.52420e-10 4.64690e-10 1.36331e-09
 3500.0 2.11407e-12 2.50821e-12 3.19159e-12 4.45689e-12 7.35671e-12 1.47392e-11 3.61295e-11 1.03999e-10 3.22905e-10 9.83186e-10
 3600.0 1.51051e-12 1.78902e-12 2.26191e-12 3.14877e-12 5.16380e-12 1.02559e-11 2.48689e-11 7.13813e-11 2.23919e-10 7.02601e-10
 3700.0 1.09282e-12 1.29262e-12 1.62809e-12 2.24487e-12 3.64885e-12 7.18595e-12 1.72553e-11 4.93285e-11 1.55513e-10 5.00146e-10
 3800.0 7.95214e-13 9.35444e-13 1.17207e-12 1.60911e-12 2.59379e-12 5.06857e-12 1.20633e-11 3.43834e-11 1.08454e-10 3.55882e-10
 3900.0 5.93072e-13 6.95739e-13 8.58289e-13 1.16631e-12 1.86068e-12 3.60007e-12 8.49502e-12 2.41595e-11 7.60501e-11 2.53752e-10
 4000.0 4.54150e-13 5.29114e-13 6.45333e-13 8.58424e-13 1.34662e-12 2.57377e-12 6.02146e-12 1.71361e-11 5.36691e-11 1.81719e-10
     0.700000
 2500.0 9.81172e-11 1.15409e-10 1.48335e-10 2.19770e-10 4.17104e-10 9.23224e-10 2.04701e-09 4.22545e-09 8.25587e-09 1.60925e-08
 2600.0 6.25827e-11 7.38225e-11 9.48668e-11 1.39187e-10 2.63255e-10 5.93716e-10 1.37361e-09 2.98038e-09 6.07365e-09 1.21492e-08
 2700.0 4.06954e-11 4.80996e-11 6.17690e-11 8.98825e-11 1.67317e-10 3.77661e-10 8.99827e-10 2.04966e-09 4.40831e-09 9.20212e-09
 2800.0 2.69089e-11 3.18476e-11 4.08254e-11 5.90121e-11 1.07798e-10 2.40998e-10 5.88717e-10 1.41532e-09 3.25051e-09 7.14095e-09
 2900.0 1.80463e-11 2.13736e-11 2.73626e-11 3.93182e-11 7.05254e-11 1.55476e-10 3.92048e-10 1.00295e-09 2.46871e-09 5.68880e-09
 3000.0 1.22169e-11 1.44917e-11 1.85670e-11 2.65285e-11 4.68005e-11 1.01604e-10 2.62086e-10 7.06653e-10 1.85083e-09 4.47584e-09
 3100.0 8.35804e-12 9.92695e-12 1.27170e-11 1.80825e-11 3.14565e-11 6.72747e-11 1.74246e-10 4.85774e-10 1.33949e-09 3.40956e-09
 3200.0 5.77844e-12 6.85928e-12 8.76701e-12 1.24332e-11 2.13817e-11 4.50879e-11 1.16049e-10 3.29978e-10 9.48973e-10 2.54179e-09
 3300.0 4.02126e-12 4.77194e-12 6.09193e-12 8.61605e-12 1.46711e-11 3.05547e-11 7.78009e-11 2.23907e-10 6.66634e-10 1.87223e-09
 3400.0 2.82274e-12 3.35315e-12 4.28075e-12 6.01789e-12 1.01502e-11 2.09069e-11 5.26063e-11 1.52216e-10 4.65032e-10 1.36189e-09
 3500.0 1.99566e-12 2.36496e-12 3.01125e-12 4.22634e-12 7.07339e-12 1.44326e-11 3.58890e-11 1.03807e-10 3.22539e-10 9.78731e-10
 3600.0 1.43113e-12 1.69211e-12 2.13868e-12 2.98956e-12 4.96692e-12 1.00415e-11 2.47013e-11 7.12337e-11 2.23436e-10 6.97903e-10
 3700.0 1.03713e-12 1.22490e-12 1.54391e-12 2.13454e-12 3.51029e-12 7.03450e-12 1.71363e-11 4.92232e-11 1.55098e-10 4.96191e-10
 3800.0 7.56913e-13 8.87908e-13 1.11209e-12 1.53157e-12 2.49638e-12 4.96171e-12 1.19778e-11 3.43097e-11 1.08144e-10 3.52863e-10
 3900.0 5.66935e-13 6.62893e-13 8.16219e-13 1.11167e-12 1.79204e-12 3.52427e-12 8.43457e-12 2.41093e-11 7.58322e-11 2.51562e-10
 4000.0 4.35615e-13 5.05926e-13 6.16523e-13 8.20167e-13 1.29756e-12 2.51948e-12 5.97779e-12 1.71014e-11 5.35210e-11 1.80176e-10
     0.800000
 2500.0 8.44840e-11 9.94702e-11 1.29359e-10 1.98593e-10 3.98820e-10 9.21339e-10 2.07238e-09 4.26386e-09 8.25973e-09 1.59952e-08
 2600.0 5.46030e-11 6.44517e-11 8.35985e-11 1.26290e-10 2.50277e-10 5.84461e-10 1.36321e-09 2.93921e-09 5.94909e-09 1.18948e-08
 2700.0 3.59181e-11 4.24674e-11 5.49379e-11 8.18900e-11 1.58731e-10 3.69485e-10 8.84842e-10 1.99950e-09 4.27676e-09 8.95204e-09
 2800.0 2.39922e-11 2.83940e-11 3.65992e-11 5.39755e-11 1.02210e-10 2.35195e-10 5.77851e-10 1.38114e-09 3.16593e-09 6.99007e-09
 2900.0 1.62284e-11 1.92149e-11 2.47035e-11 3.60961e-11 6.68705e-11 1.51571e-10 3.86147e-10 9.87768e-10 2.43802e-09 5.64861e-09
 3000.0 1.10589e-11 1.31162e-11 1.68703e-11 2.44388e-11 4.43840e-11 9.90052e-11 2.59165e-10 7.02363e-10 1.85095e-09 4.49944e-09
 3100.0 7.61170e-12 9.03721e-12 1.16146e-11 1.67080e-11 2.98427e-11 6.55352e-11 1.72646e-10 4.85169e-10 1.34822e-09 3.44750e-09
 3200.0 5.29095e-12 6.27522e-12 8.03628e-12 1.15168e-11 2.02926e-11 4.39138e-11 1.15073e-10 3.30036e-10 9.56011e-10 2.56790e-09
 3300.0 3.69823e-12 4.38392e-12 5.60587e-12 7.99925e-12 1.39286e-11 2.97532e-11 7.71664e-11 2.23782e-10 6.69586e-10 1.88118e-09
 3400.0 2.60469e-12 3.09173e-12 3.95550e-12 5.59946e-12 9.63945e-12 2.03541e-11 5.21757e-11 1.51961e-10 4.65458e-10 1.36012e-09
 3500.0 1.84840e-12 2.18649e-12 2.78647e-12 3.93859e-12 6.71958e-12 1.40495e-11 3.55884e-11 1.03568e-10 3.22082e-10 9.73164e-10
 3600.0 1.33254e-12 1.57136e-12 1.98502e-12 2.79079e-12 4.72108e-12 9.77362e-12 2.44918e-11 7.10493e-11 2.22832e-10 6.92030e-10
 3700.0 9.67863e-13 1.14047e-12 1.43903e-12 1.99682e-12 3.33721e-12 6.84530e-12 1.69875e-11 4.90917e-11 1.54579e-10 4.91247e-10
 3800.0 7.09386e-13 8.28627e-13 1.03727e-12 1.43473e-12 2.37470e-12 4.82820e-12 1.18711e-11 3.42178e-11 1.07756e-10 3.49091e-10
 3900.0 5.34584e-13 6.21923e-13 7.63695e-13 1.04340e-12 1.70630e-12 3.42954e-12 8.35903e-12 2.40466e-11 7.55599e-11 2.48825e-10
 4000.0 4.12623e-13 4.76952e-13 5.80586e-13 7.72381e-13 1.23624e-12 2.45165e-12 5.92321e-12 1.70580e-11 5.33359e-11 1.78248e-10
     0.900000
 2500.0 7.09035e-11 8.35902e-11 1.10451e-10 1.77474e-10 3.80578e-10 9.19463e-10 2.09774e-09 4.30226e-09 8.26386e-09 1.59013e-08
 2600.0 4.66548e-11 5.51164e-11 7.23715e-11 1.13427e-10 2.37325e-10 5.75216e-10 1.35281e-09 2.89807e-09 5.82499e-09 1.16440e-08
 2700.0 3.11601e-11 3.68569e-11 4.81321e-11 7.39176e-11 1.50161e-10 3.61317e-10 8.69861e-10 1.94936e-09 4.14525e-09 8.70205e-09
 2800.0 2.10879e-11 2.49538e-11 3.23883e-11 4.89507e-11 9.66329e-11 2.29398e-10 5.66990e-10 1.34696e-09 3.08133e-09 6.83877e-09
 2900.0 1.44186e-11 1.70647e-11 2.20538e-11 3.28811e-11 6.32215e-11 1.47669e-10 3.80249e-10 9.72588e-10 2.40733e-09 5.60835e-09
 3000.0 9.90590e-12 1.17461e-11 1.51799e-11 2.23538e-11 4.19711e-11 9.64087e-11 2.56245e-10 6.98075e-10 1.85107e-09 4.52305e-09
 3100.0 6.86871e-12 8.15097e-12 1.05165e-11 1.53363e-11 2.82313e-11 6.37973e-11 1.71047e-10 4.84564e-10 1.35695e-09 3.48544e-09
 3200.0 4.80582e-12 5.69349e-12 7.30802e-12 1.06023e-11 1.92051e-11 4.27408e-11 1.14098e-10 3.30094e-10 9.63050e-10 2.59401e-09
 3300.0 3.37690e-12 3.99742e-12 5.12148e-12 7.38359e-12 1.31870e-11 2.89524e-11 7.65323e-11 2.23657e-10 6.72539e-10 1.89013e-09
 3400.0 2.38770e-12 2.83130e-12 3.63152e-12 5.18183e-12 9.12927e-12 1.98016e-11 5.17453e-11 1.51706e-10 4.65885e-10 1.35835e-09
 3500.0 1.70199e-12 2.00866e-12 2.56243e-12 3.65133e-12 6.36616e-12 1.36668e-11 3.52880e-11 1.03330e-10 3.21625e-10 9.67597e-10
 3600.0 1.23465e-12 1.45105e-12 1.83179e-12 2.59230e-12 4.47552e-12 9.50595e-12 2.42824e-11 7.08651e-11 2.22229e-10 6.86158e-10
 3700.0 8.98999e-13 1.05629e-12 1.33452e-12 1.85932e-12 3.16427e-12 6.65621e-12 1.68389e-11 4.89603e-11 1.54060e-10 4.86304e-10
 3800.0 6.62245e-13 7.69501e-13 9.62626e-13 1.33800e-12 2.25311e-12 4.69478e-12 1.17644e-11 3.41260e-11 1.07368e-10 3.45318e-10
 3900.0 5.02587e-13 5.81049e-13 7.11242e-13 9.75173e-13 1.62062e-12 3.33484e-12 8.28352e-12 2.39840e-11 7.52876e-11 2.46088e-10
 4000.0 3.89827e-13 4.47990e-13 5.44734e-13 7.24633e-13 1.17491e-12 2.38383e-12 5.86863e-12 1.70148e-11 5.31509e-11 1.76321e-10
      1.00000
 2500.0 5.73757e-11 6.77696e-11 9.16099e-11 1.56411e-10 3.62379e-10 9.17598e-10 2.12307e-09 4.34064e-09 8.26828e-09 1.58107e-08
 2600.0 3.87382e-11 4.58166e-11 6.11859e-11 1.00597e-10 2.24400e-10 5.65983e-10 1.34241e-09 2.85695e-09 5.70133e-09 1.13969e-08
 2700.0 2.64214e-11 3.12679e-11 4.13517e-11 6.59652e-11 1.41607e-10 3.53157e-10 8.54886e-10 1.89922e-09 4.01377e-09 8.45213e-09
 2800.0 1.81958e-11 2.15270e-11 2.81926e-11 4.39380e-11 9.10651e-11 2.23606e-10 5.56133e-10 1.31279e-09 2.99672e-09 6.68703e-09
 2900.0 1.26168e-11 1.49231e-11 1.94136e-11 2.96733e-11 5.95784e-11 1.43771e-10 3.74353e-10 9.57412e-10 2.37663e-09 5.56802e-09
 3000.0 8.75792e-12 1.03814e-11 1.34959e-11 2.02734e-11 3.95617e-11 9.38146e-11 2.53326e-10 6.93788e-10 1.85120e-09 4.54667e-09
 3100.0 6.12905e-12 7.26823e-12 9.42250e-12 1.39674e-11 2.66221e-11 6.20608e-11 1.69449e-10 4.83959e-10 1.36568e-09 3.52339e-09
 3200.0 4.32305e-12 5.11407e-12 6.58225e-12 9.68945e-12 1.81189e-11 4.15687e-11 1.13123e-10 3.30153e-10 9.70089e-10 2.62012e-09
 3300.0 3.05726e-12 3.61246e-12 4.63879e-12 6.76906e-12 1.24465e-11 2.81522e-11 7.58985e-11 2.23532e-10 6.75492e-10 1.89907e-09
 3400.0 2.17177e-12 2.57186e-12 3.30882e-12 4.76500e-12 8.61971e-12 1.92496e-11 5.13151e-11 1.51451e-10 4.66312e-10 1.35658e-09
 3500.0 1.55643e-12 1.83148e-12 2.33911e-12 3.36457e-12 6.01311e-12 1.32845e-11 3.49877e-11 1.03091e-10 3.21168e-10 9.62031e-10
 3600.0 1.13745e-12 1.33118e-12 1.67899e-12 2.39408e-12 4.23024e-12 9.23848e-12 2.40731e-11 7.06810e-11 2.21625e-10 6.80286e-10
 3700.0 8.30532e-13 9.72351e-13 1.23039e-12 1.72204e-12 2.99146e-12 6.46724e-12 1.66902e-11 4.88292e-11 1.53541e-10 4.81361e-10
 3800.0 6.15491e-13 7.10529e-13 8.88158e-13 1.24138e-12 2.13162e-12 4.56144e-12 1.16577e-11 3.40344e-11 1.06981e-10 3.41546e-10
 3900.0 4.70946e-13 5.40272e-13 6.58861e-13 9.06980e-13 1.53501e-12 3.24017e-12 8.20802e-12 2.39217e-11 7.50154e-11 2.43352e-10
 4000.0 3.67228e-13 4.19040e-13 5.08966e-13 6.76923e-13 1.11359e-12 2.31604e-12 5.81406e-12 1.69718e-11 5.29660e-11 1.74393e-10
     -1.00000
 2500.0 7.26050e-11 1.07307e-10 1.69456e-10 2.73217e-10 4.81332e-10 9.31003e-10 1.93621e-09 4.05376e-09 8.24198e-09 1.65714e-08
 2600.0 4.76506e-11 6.90588e-11 1.07411e-10 1.71733e-10 3.08816e-10 6.31544e-10 1.41896e-09 3.16454e-09 6.63901e-09 1.33402e-08
 2700.0 3.17562e-11 4.52364e-11 6.93737e-11 1.10048e-10 1.97446e-10 4.11060e-10 9.65195e-10 2.27376e-09 5.00005e-09 1.03287e-08
 2800.0 2.14517e-11 3.00919e-11 4.55296e-11 7.17168e-11 1.27399e-10 2.64700e-10 6.36121e-10 1.56805e-09 3.63036e-09 7.81466e-09
 2900.0 1.46453e-11 2.02762e-11 3.03224e-11 4.74437e-11 8.33450e-11 1.71422e-10 4.17794e-10 1.07078e-09 2.60663e-09 5.86872e-09
 3000.0 1.00503e-11 1.37924e-11 2.04560e-11 3.17983e-11 5.52734e-11 1.12218e-10 2.74830e-10 7.25822e-10 1.85028e-09 4.36981e-09
 3100.0 6.96177e-12 9.47463e-12 1.39444e-11 2.15481e-11 3.71141e-11 7.43786e-11 1.81226e-10 4.88483e-10 1.30025e-09 3.23893e-09
 3200.0 4.86658e-12 6.56235e-12 9.58024e-12 1.47429e-11 2.51991e-11 4.98827e-11 1.20308e-10 3.29722e-10 9.17333e-10 2.42434e-09
 3300.0 3.41714e-12 4.57468e-12 6.63291e-12 1.01705e-11 1.72736e-11 3.38274e-11 8.05698e-11 2.24470e-10 6.53362e-10 1.83199e-09
 3400.0 2.41487e-12 3.22026e-12 4.64292e-12 7.07257e-12 1.19401e-11 2.31640e-11 5.44855e-11 1.53358e-10 4.63115e-10 1.36987e-09
 3500.0 1.72032e-12 2.27424e-12 3.26135e-12 4.95134e-12 8.31282e-12 1.59967e-11 3.72003e-11 1.04877e-10 3.24596e-10 1.00380e-09
 3600.0 1.24690e-12 1.63073e-12 2.30957e-12 3.49006e-12 5.82826e-12 1.11351e-11 2.56152e-11 7.20590e-11 2.26151e-10 7.24342e-10
 3700.0 9.07619e-13 1.18199e-12 1.66066e-12 2.48144e-12 4.11617e-12 7.80667e-12 1.77850e-11 4.98128e-11 1.57431e-10 5.18447e-10
 3800.0 6.68140e-13 8.57781e-13 1.19526e-12 1.77527e-12 2.92233e-12 5.50657e-12 1.24433e-11 3.47221e-11 1.09887e-10 3.69849e-10
 3900.0 5.06583e-13 6.42073e-13 8.74546e-13 1.28332e-12 2.09219e-12 3.91060e-12 8.76405e-12 2.43914e-11 7.70569e-11 2.63885e-10
 4000.0 3.92677e-13 4.91209e-13 6.56472e-13 9.40374e-13 1.51186e-12 2.79612e-12 6.21571e-12 1.72966e-11 5.43535e-11 1.88858e-10
